101101110
111101101
001111101
001100001
111011100
111011100
111000100
111000100
101000111
110100001
110100010
110100011
110100100
110100101
110100110
110100111
111101100
111101100
111000100
111000100
010100000
101101000
010100001
101101000
010100010
101101000
010100011
101101000
010100100
101101000
101101110
011000000
101011110
111101100
111101100
111000100
111000100
010100001
101101000
010100010
101101000
010100011
101101000
010100100
101101000
010100101
101101000
101101110
011000001
101011110
111101100
111101100
111000100
111000100
010100010
101101000
010100011
101101000
010100100
101101000
010100101
101101000
010100110
101101000
101101110
011000010
101011110
111101100
111101100
111000100
111000100
010100011
101101000
010100100
101101000
010100101
101101000
010100110
101101000
010100111
101101000
101101110
011000011
101011110
111000100
111000100
101000110
101000011
011000100
101001110
101101110
111101101
100001101
011000101
101101110
001011101
101101110
001010101
