001001111
101111110
001010111
010001010
110011111
010001001
110011110
010001000
110011101
010010111
110011100
010001110
110011011
010001101
110011010
010001100
110011001
010010111
110100011
010010110
110100010
010010101
110100001
010010000
110100011
111101100
111101100
010001010
110101000
010001001
110101000
010001000
110101000
010010111
110101000
010010110
110101000
010010101
110101000
010010100
110101000
010101000
110011000
111101100
111101100
010001010
110101000
010001001
110101000
010001000
110101000
010010111
110101000
010010011
110101000
010010010
110101000
010010001
110101000
010000000
111000100
110100100
111101100
111101100
010001010
110101000
010001001
110101000
010010110
110101000
010010101
110101000
010010011
110101000
010010010
110101000
010010000
110101000
010000000
111000010
110100010
111101100
111101100
010001010
110101000
010001000
110101000
010010110
110101000
010010101
110101000
010010011
110101000
010010010
110101000
010010000
110101000
010000000
111000001
110100001
111101100
111101100
010110000
111000001
010110000
111000001
010110000
111000001
010110000
111000001
101000111
001100000
010110001
001011000
111000100
111000100
010110000
111000001
010110000
111000001
010110000
111000010
010110000
100111000
101111110
011000000
