010110000
111000001
010110000
111000001
010110000
111000001
010110000
111000001
101000111
001001000
101111110
101000111
001010000
111000100
111000100
111011100
111011100
010001111
110101000
010001110
110101000
010001101
110101000
010001100
110101000
010001011
110101000
010001010
110101000
010001001
110101000
010001000
110101000
010101000
111000011
110011011
111000100
111000100
010001111
110101000
010001110
110101000
010001101
110101000
010001100
110101000
010010111
110101000
010010110
110101000
010010101
110101000
010010100
110101000
010101000
111000010
110011010
111000100
111000100
010001111
110101000
010001110
110101000
010001011
110101000
010001010
110101000
010010111
110101000
010010110
110101000
010010011
110101000
010010010
110101000
010101000
111000001
110011001
111000100
111000100
010001111
110101000
010001101
110101000
010001011
110101000
010001001
110101000
010010111
110101000
010010101
110101000
010010011
110101000
010010001
110101000
010101000
110011000
111101100
111101100
010001111
110101000
010001110
110101000
010001101
110101000
010001100
110101000
010001011
110101000
010001010
110101000
010001001
110101000
010001000
110101000
010010111
110101000
010010110
110101000
010010101
110101000
010010100
110101000
010010011
110101000
010010010
110101000
010010001
110101000
010010000
110101000
010101000
011000000
010110000
110101000
010011000
011000001
111101001
010011001
011000010
111101010
010011010
011000011
111101100
010011011
011000100
111000100
111000100
101000101
110010000
110010001
110010010
110010011
110010100
110010101
110010110
110010111
010110000
111000110
110100110
011000101
111000100
111000100
101000101
110001000
110001001
110001010
110001011
110001100
110001101
110001110
110001111
010110000
111000110
110100110
011000101
010110000
101000011
011000101
111000100
111000100
010110000
111000111
110100111
111101100
111101100
111000100
111000100
010001111
111000010
110100010
010001110
111000001
110100001
010001101
110100000
010001100
111000111
110101111
010001011
111000110
110101110
010001010
111000101
110101101
010001001
111000100
110101100
010010111
111000011
110101011
010010110
111000010
110101010
010010101
111000001
110101001
010010011
110101000
000101111
010110000
110111000
000100111
101111110
101111110
111000100
111000100
010110000
111000001
010110000
111000001
010110000
111000001
010110000
111000001
100000111
011000110
